service_id,monday,tuesday,wednesday,thursday,friday,saturday,sunday,start_date,end_date,service_name
167134,0,0,0,0,0,1,1,20260628,20191230,Выходные дни
166266,1,1,1,1,1,0,0,20260601,20191230,Будние дни
164548,1,1,1,1,1,1,1,20260509,20191230,Ежедневно
168585,1,1,1,1,1,1,1,20260712,20191230,Ежедневно
168615,1,1,1,1,1,0,0,20260717,20191230,Будние дни
168616,0,0,0,0,0,1,1,20260717,20191230,Выходные дни
160742,1,1,1,1,1,0,0,20260220,20191230,Будние дни
164436,1,1,1,1,1,0,0,20260513,20191230,Будние дни
165591,0,0,0,0,0,1,1,20260601,20191230,Выходные дни
168379,1,1,1,1,1,0,0,20260707,20191230,Будние дни
168378,0,0,0,0,0,1,1,20260707,20191230,Выходные дни
168202,1,1,1,1,1,1,1,20260705,20191230,Ежедневно
164438,1,1,1,1,1,0,0,20260513,20191230,Будние дни
164439,0,0,0,0,0,1,1,20260513,20191230,Выходные дни
168732,1,1,1,1,1,0,0,20260715,20191230,Будние дни
168733,0,0,0,0,0,1,1,20260715,20191230,Выходные дни
166254,1,1,1,1,1,0,0,20260530,20191230,Будние дни
167126,0,0,0,0,0,1,1,20260628,20191230,Выходные дни
167115,1,1,1,1,1,0,0,20260615,20191230,Будние дни
167116,0,0,0,0,0,1,1,20260615,20191230,Выходные дни
169034,1,1,1,1,1,0,0,20260722,20191230,Будние дни
169035,0,0,0,0,0,1,1,20260722,20191230,Выходные дни
161576,1,1,1,1,1,0,0,20260305,20191230,Будние дни
161577,0,0,0,0,0,1,1,20260305,20191230,Выходные дни
168724,1,1,1,1,1,0,0,20260715,20191230,Будние дни
168725,0,0,0,0,0,1,1,20260716,20191230,Выходные дни
165572,0,0,0,0,0,1,1,20260601,20191230,Выходные дни
166682,1,1,1,1,1,0,0,20260611,20191230,Будние дни
168666,1,1,1,1,1,0,0,20260714,20191230,Будние дни
168667,0,0,0,0,0,1,1,20260714,20191230,Выходные дни
167946,1,1,1,1,1,0,0,20260628,20191230,Будние дни
167947,0,0,0,0,0,1,1,20260628,20191230,Выходные дни
168872,1,1,1,1,1,0,0,20260718,20191230,Будние дни
168873,0,0,0,0,0,1,1,20260718,20191230,Выходные дни
167948,1,1,1,1,1,0,0,20260628,20191230,Будние дни
167949,0,0,0,0,0,1,1,20260628,20191230,Выходные дни
162756,0,0,0,0,1,0,0,20260415,20191230,Пятница
162758,0,0,0,0,0,1,0,20260415,20191230,Суббота
162755,1,1,1,1,0,0,0,20260415,20191230,Будние дни кроме пятницы
162760,0,0,0,0,0,0,1,20260415,20191230,Воскресенье
162762,1,1,1,1,0,0,0,20260415,20191230,Будние дни кроме пятницы
162757,0,0,0,0,1,0,0,20260415,20191230,Пятница
162759,0,0,0,0,0,1,0,20260415,20191230,Суббота
162761,0,0,0,0,0,0,1,20260415,20191230,Воскресенье
164545,1,1,1,1,1,0,0,20260509,20191230,Будние дни
164546,0,0,0,0,0,1,1,20260509,20191230,Выходные дни
167944,1,1,1,1,1,0,0,20260628,20191230,Будние дни
167945,0,0,0,0,0,1,1,20260628,20191230,Выходные дни
168668,1,1,1,1,1,0,0,20260714,20191230,Будние дни
168669,0,0,0,0,0,1,1,20260714,20191230,Выходные дни
164394,1,1,1,1,1,0,0,20260512,20191230,Будние дни
164395,0,0,0,0,0,1,1,20260512,20191230,Выходные дни
168577,1,1,1,1,1,0,0,20260712,20191230,Будние дни
168578,0,0,0,0,0,1,1,20260712,20191230,Выходные дни
164894,1,1,1,1,1,0,0,20260514,20191230,Будние дни
164895,0,0,0,0,0,1,1,20260514,20191230,Выходные дни
161828,1,1,1,1,1,0,0,20260312,20191230,Будние дни
161829,0,0,0,0,0,1,1,20260312,20191230,Выходные дни
168676,1,1,1,1,1,0,0,20260714,20191230,Будние дни
168677,0,0,0,0,0,1,1,20260714,20191230,Выходные дни
166414,1,1,1,1,1,0,0,20260612,20191230,Будние дни
166415,0,0,0,0,0,1,1,20260612,20191230,Выходные дни
163390,1,1,1,1,1,0,0,20260422,20191230,Будние дни
165570,0,0,0,0,0,1,1,20260601,20191230,Выходные дни
166770,1,1,1,1,1,0,0,20260608,20191230,Будние дни
166771,0,0,0,0,0,1,1,20260608,20191230,Выходные дни
169011,1,1,1,1,1,0,0,20260722,20191230,Будние дни
168245,1,1,1,1,1,0,0,20260704,20191230,Будние дни
168246,0,0,0,0,0,1,1,20260704,20191230,Выходные дни
167868,0,0,0,0,0,1,1,20260701,20191230,Выходные дни
167867,1,1,1,1,1,0,0,20260701,20191230,Будние дни
167055,1,1,1,1,1,0,0,20260614,20191230,Будние дни
167056,0,0,0,0,0,1,1,20260614,20191230,Выходные дни
169006,1,1,1,1,1,0,0,20260722,20191230,Будние дни
169007,0,0,0,0,0,1,1,20260722,20191230,Выходные дни
168903,1,1,1,1,1,1,1,20260720,20191230,Ежедневно
167664,0,0,0,0,0,1,1,20260702,20191230,Выходные дни
167663,1,1,1,1,1,0,0,20260702,20191230,Будние дни
168289,1,1,1,1,1,0,0,20260706,20191230,Будние дни
168288,0,0,0,0,0,1,1,20260706,20191230,Выходные дни
161644,1,1,1,1,1,1,1,20260306,20191230,Ежедневно
168674,1,1,1,1,1,0,0,20260714,20191230,Будние дни
168675,0,0,0,0,0,1,1,20260714,20191230,Выходные дни
164390,1,1,1,1,1,0,0,20260512,20191230,Будние дни
164391,0,0,0,0,0,1,1,20260512,20191230,Выходные дни
165629,1,1,1,1,1,1,1,20260601,20191230,Ежедневно
166343,0,0,0,0,0,1,1,20260527,20191230,Выходные дни
160741,1,1,1,1,1,0,0,20260220,20191230,Будние дни
164091,1,1,1,1,1,0,0,20260505,20191230,Будние дни
164092,0,0,0,0,0,1,1,20260505,20191230,Выходные дни
167902,0,0,0,0,0,1,1,20260628,20191230,Выходные дни
167901,1,1,1,1,1,0,0,20260628,20191230,Будние дни
168227,1,1,1,1,1,0,0,20260705,20191230,Будние дни
168229,0,0,0,0,0,1,1,20260705,20191230,Выходные дни
167966,1,1,1,1,1,0,0,20260628,20191230,Будние дни
167967,0,0,0,0,0,1,1,20260628,20191230,Выходные дни
168340,0,0,0,0,0,1,1,20260713,20191230,Выходные дни
168339,1,1,1,1,1,0,0,20260713,20191230,Будние дни
161653,1,1,1,1,1,0,0,20260306,20191230,Будние дни
161654,0,0,0,0,0,1,1,20260306,20191230,Выходные дни
164125,1,1,1,1,1,0,0,20260506,20191230,Будние дни
164126,0,0,0,0,0,1,0,20260506,20191230,Суббота
164127,0,0,0,0,0,0,1,20260506,20191230,Воскресенье
168805,1,1,1,1,1,0,0,20260717,20191230,Будние дни
168806,0,0,0,0,0,1,1,20260717,20191230,Выходные дни
168868,1,1,1,1,1,0,0,20260718,20191230,Будние дни
168869,0,0,0,0,0,1,1,20260718,20191230,Выходные дни
168665,1,1,1,1,1,0,0,20260714,20191230,Будние дни
169032,1,1,1,1,1,0,0,20260722,20191230,Будние дни
169033,0,0,0,0,0,1,1,20260722,20191230,Выходные дни
161593,1,1,1,1,1,1,1,20260305,20191230,Ежедневно
168501,1,1,1,1,1,1,1,20260712,20191230,Ежедневно
162471,1,1,1,1,1,0,0,20260325,20191230,Будние дни
162472,0,0,0,0,0,1,1,20260325,20191230,Выходные дни
164146,0,0,0,0,0,1,1,20260506,20191230,Выходные дни
164145,1,1,1,1,1,0,0,20260506,20191230,Будние дни
163795,1,1,1,1,1,0,0,20260429,20191230,Будние дни
163796,0,0,0,0,0,1,1,20260429,20191230,Выходные дни
163034,1,1,1,1,1,0,0,20260410,20191230,Будние дни
163035,0,0,0,0,0,1,1,20260410,20191230,Выходные дни
161153,1,1,1,1,1,1,1,20260227,20191230,Ежедневно
168809,0,0,0,0,0,1,1,20260717,20191230,Выходные дни
168808,1,1,1,1,1,0,0,20260717,20191230,Будние дни
166068,0,0,0,0,0,1,1,20260531,20191230,Выходные дни
166066,1,1,1,1,1,0,0,20260531,20191230,Будние дни
166229,1,1,1,1,1,0,0,20260526,20191230,Будние дни
162476,0,0,0,0,0,1,1,20260325,20191230,Выходные дни
163566,1,1,1,1,1,1,1,20260425,20191230,Ежедневно
167360,1,1,1,1,1,0,0,20260620,20191230,Будние дни
167361,0,0,0,0,0,1,1,20260620,20191230,Выходные дни
164544,1,1,1,1,1,1,1,20260509,20191230,Ежедневно
168680,1,1,1,1,1,0,0,20260714,20191230,Будние дни
168681,0,0,0,0,0,1,1,20260714,20191230,Выходные дни
164888,1,1,1,1,1,0,0,20260514,20191230,Будние дни
164889,0,0,0,0,0,1,1,20260514,20191230,Выходные дни
166892,1,1,1,1,1,0,0,20260610,20191230,Будние дни
166893,0,0,0,0,0,1,1,20260610,20191230,Выходные дни
163036,1,1,1,1,1,1,1,20260410,20191230,Ежедневно
168990,1,1,1,1,1,0,0,20260722,20191230,Будние дни
168991,0,0,0,0,0,1,1,20260722,20191230,Выходные дни
167114,1,1,1,1,1,1,1,20260615,20191230,Ежедневно
168870,1,1,1,1,1,0,0,20260718,20191230,Будние дни
168871,0,0,0,0,0,1,1,20260718,20191230,Выходные дни
164163,0,0,0,0,0,1,1,20260620,20191230,Выходные дни
164162,1,1,1,1,1,0,0,20260620,20191230,Будние дни
168810,1,1,1,1,1,0,0,20260717,20191230,Будние дни
168811,0,0,0,0,0,1,1,20260717,20191230,Выходные дни
165046,1,1,1,1,1,0,0,20260515,20191230,Будние дни
165047,0,0,0,0,0,1,1,20260515,20191230,Выходные дни
167530,1,1,1,1,1,1,1,20260701,20191230,Ежедневно
164155,1,1,1,1,1,0,0,20260514,20191230,Будние дни
164158,0,0,0,0,0,1,1,20260514,20191230,Выходные дни
164157,0,0,0,0,0,1,1,20260514,20191230,Выходные дни
164154,1,1,1,1,1,0,0,20260514,20191230,Будние дни
160525,1,1,1,1,1,0,0,20260213,20191230,Будние дни
160528,0,0,0,0,0,1,1,20260213,20191230,Выходные дни
168266,1,1,1,1,1,0,0,20260705,20191230,Будние дни
168267,0,0,0,0,0,1,1,20260705,20191230,Выходные дни
168270,1,1,1,1,1,0,0,20260705,20191230,Будние дни
168271,0,0,0,0,0,1,1,20260705,20191230,Выходные дни
165556,0,0,0,0,0,1,1,20260601,20191230,Выходные дни
164914,1,1,1,1,1,0,0,20260518,20191230,Будние дни
161188,0,0,0,0,0,1,1,20260228,20191230,Выходные дни
161187,1,1,1,1,1,0,0,20260228,20191230,Будние дни
164123,1,1,1,1,1,0,0,20260506,20191230,Будние дни
164124,0,0,0,0,0,1,1,20260506,20191230,Выходные дни
168291,1,1,1,1,1,0,0,20260706,20191230,Будние дни
168290,0,0,0,0,0,1,1,20260706,20191230,Выходные дни
168530,1,1,1,1,1,0,0,20260711,20191230,Будние дни
168529,0,0,0,0,0,1,1,20260711,20191230,Выходные дни
162146,1,1,1,1,1,0,0,20260318,20191230,Будние дни
162147,0,0,0,0,0,1,1,20260318,20191230,Выходные дни
168007,1,1,1,1,1,0,0,20260630,20191230,Будние дни
168008,0,0,0,0,0,1,1,20260630,20191230,Выходные дни
168672,1,1,1,1,1,0,0,20260714,20191230,Будние дни
168673,0,0,0,0,0,1,0,20260714,20191230,Суббота
168904,1,1,1,1,1,0,0,20260720,20191230,Будние дни
168905,0,0,0,0,0,1,1,20260720,20191230,Выходные дни
168740,1,1,1,1,1,0,0,20260716,20191230,Будние дни
168741,0,0,0,0,0,1,1,20260716,20191230,Выходные дни
161570,1,1,1,1,1,0,0,20260305,20191230,Будние дни
161571,0,0,0,0,0,1,1,20260305,20191230,Выходные дни
164690,1,1,1,1,1,0,0,20260510,20191230,Будние дни
164691,0,0,0,0,0,1,1,20260510,20191230,Выходные дни
167252,1,1,1,1,1,1,1,20260618,20191230,Ежедневно
166037,0,0,0,0,0,1,1,20260531,20191230,Выходные дни
166036,1,1,1,1,1,0,0,20260531,20191230,Будние дни
168728,1,1,1,1,1,0,0,20260716,20191230,Будние дни
168729,0,0,0,0,0,1,1,20260716,20191230,Выходные дни
167088,1,1,1,1,1,1,1,20260613,20191230,Ежедневно
168100,0,0,0,0,0,1,1,20260710,20191230,Выходные дни
168099,1,1,1,1,1,0,0,20260710,20191230,Будние дни
168021,1,1,1,1,1,0,0,20260702,20191230,Будние дни
168022,0,0,0,0,0,1,1,20260702,20191230,Выходные дни
163909,0,0,0,0,0,1,1,20260501,20191230,Выходные дни
166541,1,1,1,1,1,0,0,20260605,20191230,Будние дни
164885,1,1,1,1,1,0,0,20260514,20191230,Будние дни
164887,0,0,0,0,0,1,1,20260514,20191230,Выходные дни
161155,1,1,1,1,1,1,1,20260227,20191230,Ежедневно
161154,1,1,1,1,1,1,1,20260227,20191230,Ежедневно
166346,0,0,0,0,0,1,1,20260527,20191230,Выходные дни
166344,1,1,1,1,1,0,0,20260527,20191230,Будние дни
168693,1,1,1,1,1,1,1,20260716,20191230,Ежедневно
164386,1,1,1,1,1,0,0,20260512,20191230,Будние дни
164387,0,0,0,0,0,1,1,20260512,20191230,Выходные дни
167536,1,1,1,1,1,1,1,20260701,20191230,Ежедневно
164176,1,1,1,1,1,0,0,20260515,20191230,Будние дни
166058,1,1,1,1,1,0,0,20260526,20191230,Будние дни
163825,0,0,0,0,0,1,1,20260429,20191230,Выходные дни
167410,1,1,1,1,1,1,1,20260622,20191230,Ежедневно
168455,1,1,1,1,1,0,0,20260710,20191230,Будние дни
168456,0,0,0,0,0,1,1,20260710,20191230,Выходные дни
167541,1,1,1,1,1,0,0,20260701,20191230,Будние дни
167542,0,0,0,0,0,1,1,20260701,20191230,Выходные дни
165985,1,1,1,1,1,0,0,20260525,20191230,Будние дни
165986,0,0,0,0,0,1,1,20260525,20191230,Выходные дни
166410,1,1,1,1,1,1,0,20260529,20191230,Будние и субботние дни
166411,0,0,0,0,0,0,1,20260529,20191230,Воскресенье
164070,0,0,0,0,0,1,1,20260505,20191230,Выходные дни
164068,1,1,1,1,1,0,0,20260505,20191230,Будние дни
167531,1,1,1,1,1,1,1,20260701,20191230,Ежедневно
164104,0,0,0,0,0,1,1,20260505,20191230,Выходные дни
164102,1,1,1,1,1,0,0,20260505,20191230,Будние дни
168085,1,1,1,1,1,1,1,20260703,20191230,Ежедневно
163803,1,1,1,1,1,1,1,20260429,20191230,Ежедневно
163804,1,1,1,1,1,0,0,20260429,20191230,Будние дни
163805,0,0,0,0,0,1,1,20260429,20191230,Выходные дни
168958,1,1,1,1,1,1,1,20260720,20191230,Ежедневно
164075,1,1,1,1,1,0,0,20260505,20191230,Будние дни
164101,0,0,0,0,0,1,1,20260505,20191230,Выходные дни
167192,1,1,1,1,1,1,1,20260622,20191230,Ежедневно
167667,1,1,1,1,1,0,0,20260702,20191230,Будние дни
167670,0,0,0,0,0,1,1,20260702,20191230,Выходные дни
163609,0,0,0,0,0,1,1,20260422,20191230,Выходные дни
163607,1,1,1,1,1,0,0,20260422,20191230,Будние дни
166070,1,1,1,1,1,1,0,20260531,20191230,Будние и субботние дни
166075,0,0,0,0,0,0,1,20260531,20191230,Воскресенье
166074,0,0,0,0,0,1,0,20260531,20191230,Суббота
166071,1,1,1,1,1,0,0,20260531,20191230,Будние дни
166077,0,0,0,0,0,0,1,20260531,20191230,Воскресенье
161112,1,1,1,1,1,1,1,20260226,20191230,Ежедневно
161148,1,1,1,1,1,1,1,20260227,20191230,Ежедневно
161113,1,1,1,1,1,1,1,20260226,20191230,Ежедневно
161171,1,1,1,1,1,0,0,20260227,20191230,Будние дни
161172,0,0,0,0,0,1,1,20260227,20191230,Выходные дни
167659,0,0,0,0,0,1,0,20260702,20191230,Суббота
167657,1,1,1,1,1,0,0,20260702,20191230,Будние дни
167661,0,0,0,0,0,0,1,20260702,20191230,Воскресенье
166072,1,1,1,1,1,0,0,20260531,20191230,Будние дни
166076,0,0,0,0,0,0,1,20260531,20191230,Воскресенье
166073,0,0,0,0,0,1,0,20260531,20191230,Суббота
167669,0,0,0,0,0,1,1,20260702,20191230,Выходные дни
167666,1,1,1,1,1,0,0,20260702,20191230,Будние дни
163054,0,0,0,0,0,1,1,20260417,20191230,Выходные дни
163052,1,1,1,1,1,0,0,20260417,20191230,Будние дни
166067,1,1,1,1,1,0,0,20260531,20191230,Будние дни
166069,0,0,0,0,0,1,1,20260531,20191230,Выходные дни
166805,1,1,1,1,1,0,0,20260610,20191230,Будние дни
166807,0,0,0,0,0,1,1,20260610,20191230,Выходные дни
167653,1,1,1,1,1,0,0,20260702,20191230,Будние дни
167654,0,0,0,0,0,1,1,20260702,20191230,Выходные дни
163904,1,1,1,1,1,0,0,20260501,20191230,Будние дни
163905,0,0,0,0,0,1,1,20260501,20191230,Выходные дни
161978,0,0,0,0,0,1,1,20260320,20191230,Выходные дни
161976,1,1,1,1,1,0,0,20260320,20191230,Будние дни
167522,1,1,1,1,1,0,0,20260701,20191230,Будние дни
167523,0,0,0,0,0,1,1,20260701,20191230,Выходные дни
165184,1,1,1,1,1,0,0,20260516,20191230,Будние дни
165185,0,0,0,0,0,1,1,20260516,20191230,Выходные дни
168566,0,0,0,0,0,1,1,20260712,20191230,Выходные дни
168565,1,1,1,1,1,0,0,20260712,20191230,Будние дни
163056,0,0,0,0,0,1,0,20260417,20191230,Суббота
163610,0,0,0,0,0,0,1,20260421,20191230,Воскресенье
164886,1,1,1,1,1,0,0,20260514,20191230,Будние дни
168730,1,1,1,1,1,0,0,20260715,20191230,Будние дни
168731,0,0,0,0,0,1,1,20260715,20191230,Выходные дни
163801,1,1,1,1,1,0,0,20260429,20191230,Будние дни
163802,0,0,0,0,0,1,1,20260429,20191230,Выходные дни
168097,1,1,1,1,1,0,0,20260710,20191230,Будние дни
168744,0,0,0,0,0,1,1,20260716,20191230,Выходные дни
168381,0,0,0,0,0,1,1,20260707,20191230,Выходные дни
168380,1,1,1,1,1,0,0,20260707,20191230,Будние дни
168231,1,1,1,1,1,0,0,20260705,20191230,Будние дни
168232,0,0,0,0,0,1,1,20260705,20191230,Выходные дни
167942,1,1,1,1,1,0,0,20260628,20191230,Будние дни
167943,0,0,0,0,0,1,1,20260628,20191230,Выходные дни
160057,1,1,1,1,1,0,0,20260204,20191230,Будние дни
160058,0,0,0,0,0,1,1,20260204,20191230,Выходные дни
167191,1,1,1,1,1,1,1,20260617,20191230,Ежедневно
168945,1,1,1,1,1,0,0,20260719,20191230,Будние дни
168946,0,0,0,0,0,1,1,20260719,20191230,Выходные дни
168965,1,1,1,1,1,0,0,20260721,20191230,Будние дни
168966,0,0,0,0,0,1,1,20260721,20191230,Выходные дни
168459,1,1,1,1,1,0,0,20260710,20191230,Будние дни
168460,0,0,0,0,0,1,1,20260710,20191230,Выходные дни
167358,1,1,1,1,1,0,0,20260620,20191230,Будние дни
167359,0,0,0,0,0,1,1,20260620,20191230,Выходные дни
161896,1,1,1,1,1,0,0,20260320,20191230,Будние дни
161897,0,0,0,0,0,1,1,20260320,20191230,Выходные дни
160095,1,1,1,1,1,0,0,20260204,20191230,Будние дни
160097,0,0,0,0,0,1,1,20260204,20191230,Выходные дни
167458,0,0,0,0,0,1,1,20260701,20191230,Выходные дни
167456,1,1,1,1,1,0,0,20260701,20191230,Будние дни
164466,1,1,1,1,1,0,0,20260513,20191230,Будние дни
164467,0,0,0,0,0,1,1,20260513,20191230,Выходные дни
164078,1,1,1,1,1,0,0,20260505,20191230,Будние дни
164079,0,0,0,0,0,1,1,20260505,20191230,Выходные дни
164881,1,1,1,1,1,0,0,20260514,20191230,Будние дни
164882,0,0,0,0,0,1,1,20260514,20191230,Выходные дни
162751,1,1,1,1,1,0,0,20260406,20191230,Будние дни
162752,0,0,0,0,0,1,1,20260406,20191230,Выходные дни
166772,1,1,1,1,1,0,0,20260608,20191230,Будние дни
166773,0,0,0,0,0,1,1,20260608,20191230,Выходные дни
166596,1,1,1,1,1,0,0,20260604,20191230,Будние дни
166597,0,0,0,0,0,1,1,20260604,20191230,Выходные дни
166517,1,1,1,1,1,0,0,20260531,20191230,Будние дни
166518,0,0,0,0,0,1,1,20260531,20191230,Выходные дни
169023,0,0,0,0,0,1,1,20260722,20191230,Выходные дни
169022,1,1,1,1,1,0,0,20260722,20191230,Будние дни
164906,1,1,1,1,1,0,0,20260514,20191230,Будние дни
164907,0,0,0,0,0,1,1,20260514,20191230,Выходные дни
169018,1,1,1,1,1,0,0,20260722,20191230,Будние дни
169019,0,0,0,0,0,1,1,20260722,20191230,Выходные дни
167537,1,1,1,1,1,1,1,20260701,20191230,Ежедневно
167166,1,1,1,1,1,0,0,20260615,20191230,Будние дни
167167,0,0,0,0,0,1,1,20260615,20191230,Выходные дни
160772,1,1,1,1,1,0,0,20260219,20191230,Будние дни
160774,0,0,0,0,0,1,1,20260219,20191230,Выходные дни
166347,0,0,0,0,0,1,1,20260527,20191230,Выходные дни
166345,1,1,1,1,1,0,0,20260527,20191230,Будние дни
166877,1,1,1,1,1,0,0,20260610,20191230,Будние дни
166878,0,0,0,0,0,1,1,20260610,20191230,Выходные дни
168697,1,1,1,1,1,1,1,20260716,20191230,Ежедневно
164171,1,1,1,1,1,1,1,20260515,20191230,Ежедневно
167469,1,1,1,1,1,0,0,20260623,20191230,Будние дни
167470,0,0,0,0,0,1,1,20260623,20191230,Выходные дни
167189,1,1,1,1,1,0,0,20260617,20191230,Будние дни
167190,0,0,0,0,0,1,1,20260617,20191230,Выходные дни
159466,1,1,1,1,1,0,0,20260124,20191230,Будние дни
162551,0,0,0,0,0,1,1,20260404,20191230,Выходные дни
167463,1,1,1,1,1,0,0,20260623,20191230,Будние дни
167464,0,0,0,0,0,1,1,20260623,20191230,Выходные дни
168617,1,1,1,1,1,0,0,20260717,20191230,Будние дни
168684,0,0,0,0,0,1,1,20260717,20191230,Выходные дни
168722,1,1,1,1,1,0,0,20260716,20191230,Будние дни
168723,0,0,0,0,0,1,1,20260716,20191230,Выходные дни
166335,1,1,1,1,1,0,0,20260527,20191230,Будние дни
166336,0,0,0,0,0,1,1,20260527,20191230,Выходные дни
167301,1,1,1,1,1,0,0,20260620,20191230,Будние дни
167302,0,0,0,0,0,1,1,20260620,20191230,Выходные дни
168719,0,0,0,0,0,1,1,20260716,20191230,Выходные дни
168718,1,1,1,1,1,0,0,20260716,20191230,Будние дни
168715,0,0,0,0,0,1,1,20260716,20191230,Выходные дни
168714,1,1,1,1,1,0,0,20260716,20191230,Будние дни
163880,1,1,1,1,1,0,0,20260430,20191230,Будние дни
163881,0,0,0,0,0,1,1,20260430,20191230,Выходные дни
164549,1,1,1,1,1,0,0,20260509,20191230,Будние дни
165613,0,0,0,0,0,1,1,20260601,20191230,Выходные дни
168917,1,1,1,1,1,0,0,20260720,20191230,Будние дни
168918,0,0,0,0,0,1,1,20260720,20191230,Выходные дни
167916,1,1,1,1,1,0,0,20260628,20191230,Будние дни
167917,0,0,0,0,0,1,1,20260628,20191230,Выходные дни
166592,1,1,1,1,1,0,0,20260604,20191230,Будние дни
166593,0,0,0,0,0,1,1,20260604,20191230,Выходные дни
164170,1,1,1,1,1,0,0,20260515,20191230,Будние дни
168791,0,0,0,0,0,1,0,20260717,20191230,Суббота
168792,0,0,0,0,0,0,1,20260717,20191230,Воскресенье
168449,0,0,0,0,1,0,0,20260711,20191230,Пятница
168450,0,0,0,0,0,1,1,20260711,20191230,Выходные дни
164944,1,1,1,1,1,0,0,20260518,20191230,Будние дни
165589,0,0,0,0,0,1,1,20260601,20191230,Выходные дни
164178,0,0,0,0,0,1,1,20260515,20191230,Выходные дни
164173,1,1,1,1,1,0,0,20260515,20191230,Будние дни
167408,0,0,0,0,0,1,1,20260622,20191230,Выходные дни
167407,1,1,1,1,1,0,0,20260622,20191230,Будние дни
168915,1,1,1,1,1,0,0,20260720,20191230,Будние дни
168916,0,0,0,0,0,1,1,20260720,20191230,Выходные дни
166053,1,1,1,1,1,0,0,20260526,20191230,Будние дни
166056,0,0,0,0,0,1,1,20260601,20191230,Выходные дни
160616,0,0,0,0,0,1,1,20260213,20191230,Выходные дни
166031,1,1,1,1,1,0,0,20260601,20191230,Будние дни
166047,1,1,1,1,1,1,1,20260531,20191230,Ежедневно
166819,1,1,1,1,1,0,0,20260615,20191230,Будние дни
161661,0,0,0,0,0,1,1,20260312,20191230,Выходные дни
163241,1,1,1,1,1,0,0,20260418,20191230,Будние дни
163242,0,0,0,0,0,1,1,20260418,20191230,Выходные дни
168088,1,1,1,1,1,1,1,20260703,20191230,Ежедневно
166680,1,1,1,1,1,0,0,20260612,20191230,Будние дни
166681,0,0,0,0,0,1,1,20260612,20191230,Выходные дни
166412,1,1,1,1,1,0,0,20260612,20191230,Будние дни
166413,0,0,0,0,0,1,1,20260612,20191230,Выходные дни
166422,1,1,1,1,1,0,0,20260612,20191230,Будние дни
166423,0,0,0,0,0,1,1,20260612,20191230,Выходные дни
163676,1,1,1,1,1,0,0,20260425,20191230,Будние дни
168382,1,1,1,1,1,0,0,20260707,20191230,Будние дни
168383,0,0,0,0,0,1,1,20260707,20191230,Выходные дни
168964,0,0,0,0,0,1,1,20260721,20191230,Выходные дни
168963,1,1,1,1,1,0,0,20260721,20191230,Будние дни
166049,1,1,1,1,1,0,0,20260526,20191230,Будние дни
166052,0,0,0,0,0,1,1,20260601,20191230,Выходные дни
168197,1,1,1,1,1,0,0,20260705,20191230,Будние дни
168198,0,0,0,0,0,1,1,20260705,20191230,Выходные дни
163358,1,1,1,1,1,0,0,20260417,20191230,Будние дни
165597,0,0,0,0,0,1,1,20260601,20191230,Выходные дни
163363,1,1,1,1,1,1,1,20260417,20191230,Ежедневно
164175,1,1,1,1,1,0,0,20260515,20191230,Будние дни
164180,0,0,0,0,0,1,1,20260515,20191230,Выходные дни
168192,1,1,1,1,1,0,0,20260705,20191230,Будние дни
168193,0,0,0,0,0,1,1,20260705,20191230,Выходные дни
163181,1,1,1,1,1,0,0,20260413,20191230,Будние дни
163182,0,0,0,0,0,1,1,20260413,20191230,Выходные дни
163938,1,1,1,1,1,0,0,20260508,20191230,Будние дни
163285,0,0,0,0,0,1,1,20260417,20191230,Выходные дни
167565,1,1,1,1,1,0,0,20260625,20191230,Будние дни
167566,0,0,0,0,0,1,1,20260625,20191230,Выходные дни
163284,0,0,0,0,0,1,1,20260417,20191230,Выходные дни
163937,1,1,1,1,1,0,0,20260508,20191230,Будние дни
162806,0,0,0,0,1,0,0,20260417,20191230,Пятница
162807,0,0,0,0,0,1,0,20260417,20191230,Суббота
162808,0,0,0,0,0,0,1,20260417,20191230,Воскресенье
167450,1,1,1,1,0,0,0,20260701,20191230,Будние дни кроме пятницы
167451,0,0,0,0,1,0,0,20260701,20191230,Пятница
167452,0,0,0,0,0,1,1,20260701,20191230,Выходные дни
168738,1,1,1,1,1,1,1,20260716,20191230,Ежедневно
163362,1,1,1,1,1,1,1,20260417,20191230,Ежедневно
164908,1,1,1,1,1,0,0,20260514,20191230,Будние дни
164909,0,0,0,0,0,1,1,20260514,20191230,Выходные дни
164156,0,0,0,0,0,1,1,20260514,20191230,Выходные дни
164153,1,1,1,1,1,0,0,20260514,20191230,Будние дни
163235,1,1,1,1,1,0,0,20260418,20191230,Будние дни
163236,0,0,0,0,0,1,1,20260418,20191230,Выходные дни
168453,1,1,1,1,1,0,0,20260710,20191230,Будние дни
168454,0,0,0,0,0,1,1,20260710,20191230,Выходные дни
168457,1,1,1,1,1,0,0,20260710,20191230,Будние дни
168458,0,0,0,0,0,1,1,20260710,20191230,Выходные дни
167455,1,1,1,1,1,0,0,20260701,20191230,Будние дни
167457,0,0,0,0,0,1,1,20260701,20191230,Выходные дни
163183,1,1,1,1,1,0,0,20260412,20191230,Будние дни
163184,0,0,0,0,0,1,1,20260412,20191230,Выходные дни
163790,1,1,1,1,1,1,1,20260429,20191230,Ежедневно
168096,1,1,1,1,1,0,0,20260710,20191230,Будние дни
168743,0,0,0,0,0,1,1,20260716,20191230,Выходные дни
166813,1,1,1,1,1,0,0,20260616,20191230,Будние дни
164117,0,0,0,0,0,1,1,20260506,20191230,Выходные дни
167535,1,1,1,1,1,1,1,20260701,20191230,Ежедневно
167534,1,1,1,1,1,1,1,20260701,20191230,Ежедневно
167533,1,1,1,1,1,1,1,20260701,20191230,Ежедневно
167532,1,1,1,1,1,1,1,20260701,20191230,Ежедневно
164254,0,0,0,0,0,1,1,20260506,20191230,Выходные дни
164253,1,1,1,1,1,0,0,20260506,20191230,Будние дни
168493,1,1,1,1,1,0,0,20260712,20191230,Будние дни
168494,0,0,0,0,0,1,1,20260712,20191230,Выходные дни
160526,1,1,1,1,1,0,0,20260213,20191230,Будние дни
160529,0,0,0,0,0,1,1,20260213,20191230,Выходные дни
160527,1,1,1,1,1,0,0,20260213,20191230,Будние дни
166034,0,0,0,0,0,1,1,20260531,20191230,Выходные дни
168524,1,1,1,1,1,0,0,20260711,20191230,Будние дни
168523,0,0,0,0,0,1,1,20260711,20191230,Выходные дни
163571,1,1,1,1,1,0,0,20260425,20191230,Будние дни
163570,0,0,0,0,0,1,1,20260425,20191230,Выходные дни
167409,1,1,1,1,1,1,1,20260622,20191230,Ежедневно
168101,1,1,1,1,1,0,0,20260710,20191230,Будние дни
168102,0,0,0,0,0,1,1,20260710,20191230,Выходные дни
168089,1,1,1,1,1,1,1,20260702,20191230,Ежедневно
167089,1,1,1,1,1,1,1,20260613,20191230,Ежедневно
166786,1,1,1,1,1,0,0,20260609,20191230,Будние дни
166790,0,0,0,0,0,1,1,20260609,20191230,Выходные дни
166633,1,1,1,1,1,1,1,20260605,20191230,Ежедневно
166806,0,0,0,0,0,1,1,20260610,20191230,Выходные дни
166804,1,1,1,1,1,0,0,20260610,20191230,Будние дни
168884,1,1,1,1,1,0,0,20260718,20191230,Будние дни
168883,0,0,0,0,0,1,1,20260718,20191230,Выходные дни
166033,1,1,1,1,1,1,1,20260531,20191230,Ежедневно
168886,1,1,1,1,1,0,0,20260718,20191230,Будние дни
168885,0,0,0,0,0,1,1,20260718,20191230,Выходные дни
167402,1,1,1,1,1,0,0,20260622,20191230,Будние дни
167403,0,0,0,0,0,1,1,20260622,20191230,Выходные дни
164080,0,0,0,0,0,1,0,20260505,20191230,Суббота
164081,0,0,0,0,0,0,1,20260505,20191230,Воскресенье
166814,1,1,1,1,1,0,0,20260616,20191230,Будние дни
168742,1,1,1,1,1,1,1,20260716,20191230,Ежедневно
166239,0,0,0,0,0,1,1,20260531,20191230,Выходные дни
166238,1,1,1,1,1,0,0,20260531,20191230,Будние дни
168371,0,0,0,0,0,1,1,20260707,20191230,Выходные дни
168370,1,1,1,1,1,0,0,20260707,20191230,Будние дни
168006,0,0,0,0,0,1,1,20260702,20191230,Выходные дни
168005,1,1,1,1,1,0,0,20260702,20191230,Будние дни
166778,1,1,1,1,1,0,0,20260609,20191230,Будние дни
166779,0,0,0,0,0,1,1,20260609,20191230,Выходные дни
169036,1,1,1,1,1,0,0,20260722,20191230,Будние дни
169037,0,0,0,0,0,1,1,20260722,20191230,Выходные дни
166256,1,1,1,1,1,0,0,20260530,20191230,Будние дни
167128,0,0,0,0,0,1,1,20260628,20191230,Выходные дни
164069,1,1,1,1,1,0,0,20260505,20191230,Будние дни
164071,0,0,0,0,0,1,1,20260505,20191230,Выходные дни
166063,0,0,0,0,0,1,1,20260531,20191230,Выходные дни
160617,1,1,1,1,1,0,0,20260213,20191230,Будние дни
164229,1,1,1,1,1,0,0,20260508,20191230,Будние дни
165566,0,0,0,0,0,1,1,20260601,20191230,Выходные дни
166715,1,1,1,1,1,0,0,20260609,20191230,Будние дни
166716,0,0,0,0,0,1,1,20260609,20191230,Выходные дни
168968,1,1,1,1,1,0,0,20260721,20191230,Будние дни
168969,0,0,0,0,0,1,1,20260721,20191230,Выходные дни
166876,1,1,1,1,1,1,1,20260618,20191230,Ежедневно
161816,1,1,1,1,1,1,1,20260320,20191230,Ежедневно
166175,1,1,1,1,1,0,0,20260525,20191230,Будние дни
166176,0,0,0,0,0,1,1,20260525,20191230,Выходные дни
163199,1,1,1,1,1,1,1,20260417,20191230,Ежедневно
163202,1,1,1,1,1,0,0,20260417,20191230,Будние дни
163203,0,0,0,0,0,1,1,20260417,20191230,Выходные дни
163201,1,1,1,1,1,1,1,20260417,20191230,Ежедневно
163315,1,1,1,1,1,1,1,20260417,20191230,Ежедневно
163257,1,1,1,1,1,0,0,20260417,20191230,Будние дни
163261,0,0,0,0,0,1,1,20260417,20191230,Выходные дни
163319,1,1,1,1,1,0,0,20260417,20191230,Будние дни
163320,0,0,0,0,0,1,1,20260417,20191230,Выходные дни
164184,1,1,1,1,1,0,0,20260515,20191230,Будние дни
168906,1,1,1,1,1,0,0,20260720,20191230,Будние дни
168907,0,0,0,0,0,1,1,20260720,20191230,Выходные дни
168739,1,1,1,1,1,0,0,20260716,20191230,Будние дни
168688,1,1,1,1,1,0,0,20260715,20191230,Будние дни
168687,0,0,0,0,0,1,1,20260715,20191230,Выходные дни
164110,1,1,1,1,1,1,0,20260506,20191230,Будние и субботние дни
164111,0,0,0,0,0,0,1,20260506,20191230,Воскресенье
164298,1,1,1,1,1,0,0,20260508,20191230,Будние дни
164299,0,0,0,0,0,1,1,20260508,20191230,Выходные дни
166005,1,1,1,1,1,0,0,20260526,20191230,Будние дни
166006,0,0,0,0,0,1,1,20260526,20191230,Выходные дни
165204,1,1,1,1,1,1,1,20260517,20191230,Ежедневно
168807,1,1,1,1,1,1,1,20260717,20191230,Ежедневно
166509,1,1,1,1,1,0,0,20260531,20191230,Будние дни
166510,0,0,0,0,0,1,1,20260601,20191230,Выходные дни
167284,1,1,1,1,1,0,0,20260627,20191230,Будние дни
167286,0,0,0,0,0,1,1,20260627,20191230,Выходные дни
167287,0,0,0,0,0,1,1,20260627,20191230,Выходные дни
167285,1,1,1,1,1,0,0,20260627,20191230,Будние дни
167354,1,1,1,1,1,0,0,20260620,20191230,Будние дни
167355,0,0,0,0,0,1,1,20260620,20191230,Выходные дни
168372,1,1,1,1,1,0,0,20260707,20191230,Будние дни
168373,0,0,0,0,0,1,1,20260707,20191230,Выходные дни
163151,1,1,1,1,1,1,1,20260411,20191230,Ежедневно
162220,1,1,1,1,1,0,0,20260320,20191230,Будние дни
162221,0,0,0,0,0,1,1,20260320,20191230,Выходные дни
165984,1,1,1,1,1,1,1,20260525,20191230,Ежедневно
167406,1,1,1,1,1,0,0,20260622,20191230,Будние дни
162475,0,0,0,0,0,1,1,20260325,20191230,Выходные дни
163258,1,1,1,1,1,0,0,20260417,20191230,Будние дни
163260,0,0,0,0,0,1,1,20260417,20191230,Выходные дни
163316,1,1,1,1,1,1,1,20260417,20191230,Ежедневно
164172,1,1,1,1,1,0,0,20260515,20191230,Будние дни
164177,0,0,0,0,0,1,1,20260515,20191230,Выходные дни
166573,1,1,1,1,1,1,1,20260603,20191230,Ежедневно
164174,1,1,1,1,1,0,0,20260515,20191230,Будние дни
164179,0,0,0,0,0,1,1,20260515,20191230,Выходные дни
166046,1,1,1,1,1,1,1,20260531,20191230,Ежедневно
160623,0,0,0,0,0,1,1,20260213,20191230,Выходные дни
166032,1,1,1,1,1,0,0,20260601,20191230,Будние дни
166062,0,0,0,0,0,1,1,20260531,20191230,Выходные дни
166059,1,1,1,1,1,0,0,20260531,20191230,Будние дни
160771,1,1,1,1,1,0,0,20260219,20191230,Будние дни
166738,0,0,0,0,0,1,1,20260606,20191230,Выходные дни
166060,1,1,1,1,1,0,0,20260531,20191230,Будние дни
160780,0,0,0,0,0,1,1,20260219,20191230,Выходные дни
160781,0,0,0,0,0,1,1,20260219,20191230,Выходные дни
166061,1,1,1,1,1,0,0,20260531,20191230,Будние дни
164112,0,0,0,0,0,1,1,20260505,20191230,Выходные дни
164103,1,1,1,1,1,0,0,20260505,20191230,Будние дни
168581,1,1,1,1,1,0,0,20260712,20191230,Будние дни
168582,0,0,0,0,0,1,1,20260712,20191230,Выходные дни
166065,0,0,0,0,0,1,1,20260531,20191230,Выходные дни
166064,1,1,1,1,1,0,0,20260531,20191230,Будние дни
168576,0,0,0,0,0,1,1,20260712,20191230,Выходные дни
168575,1,1,1,1,1,0,0,20260712,20191230,Будние дни
166968,1,1,1,1,1,0,0,20260612,20191230,Будние дни
166969,0,0,0,0,0,1,1,20260612,20191230,Выходные дни
161988,1,1,1,1,1,0,0,20260320,20191230,Будние дни
161989,0,0,0,0,0,1,1,20260320,20191230,Выходные дни
168019,1,1,1,1,1,0,0,20260702,20191230,Будние дни
168020,0,0,0,0,0,1,1,20260702,20191230,Выходные дни
161144,1,1,1,1,1,1,1,20260227,20191230,Ежедневно
161145,1,1,1,1,1,1,1,20260227,20191230,Ежедневно
163608,0,0,0,0,0,1,1,20260422,20191230,Выходные дни
163606,1,1,1,1,1,0,0,20260422,20191230,Будние дни
163055,0,0,0,0,0,1,0,20260417,20191230,Суббота
164884,1,1,1,1,1,0,0,20260514,20191230,Будние дни
167665,1,1,1,1,1,0,0,20260702,20191230,Будние дни
167668,0,0,0,0,0,1,1,20260702,20191230,Выходные дни
161114,1,1,1,1,1,1,1,20260226,20191230,Ежедневно
161115,1,1,1,1,1,1,1,20260226,20191230,Ежедневно
167660,0,0,0,0,0,1,0,20260702,20191230,Суббота
167658,1,1,1,1,1,0,0,20260702,20191230,Будние дни
167662,0,0,0,0,0,0,1,20260702,20191230,Воскресенье
163053,0,0,0,0,0,1,1,20260417,20191230,Выходные дни
163051,1,1,1,1,1,0,0,20260417,20191230,Будние дни
166785,1,1,1,1,1,0,0,20260609,20191230,Будние дни
168967,0,0,0,0,0,1,1,20260721,20191230,Выходные дни
168787,1,1,1,1,1,0,0,20260717,20191230,Будние дни
168788,0,0,0,0,0,1,1,20260717,20191230,Выходные дни
166348,1,1,1,1,0,0,0,20260527,20191230,Будние дни кроме пятницы
166349,0,0,0,0,1,0,0,20260527,20191230,Пятница
166350,0,0,0,0,0,1,1,20260527,20191230,Выходные дни
166683,1,1,1,1,1,0,0,20260605,20191230,Будние дни
166684,0,0,0,0,0,1,1,20260605,20191230,Выходные дни
165124,1,1,1,1,1,0,0,20260515,20191230,Будние дни
165125,0,0,0,0,0,1,1,20260515,20191230,Выходные дни
168785,1,1,1,1,1,0,0,20260717,20191230,Будние дни
168786,0,0,0,0,0,1,1,20260717,20191230,Выходные дни
163580,1,1,1,1,1,0,0,20260425,20191230,Будние дни
163581,0,0,0,0,0,1,1,20260425,20191230,Выходные дни
167643,1,1,1,1,1,0,0,20260626,20191230,Будние дни
167644,0,0,0,0,0,1,1,20260626,20191230,Выходные дни
168993,0,0,0,0,0,1,1,20260722,20191230,Выходные дни
168992,1,1,1,1,1,0,0,20260722,20191230,Будние дни
168451,1,1,1,1,1,0,0,20260710,20191230,Будние дни
168452,0,0,0,0,0,1,1,20260710,20191230,Выходные дни
161140,1,1,1,1,1,0,0,20260227,20191230,Будние дни
161141,0,0,0,0,0,1,1,20260227,20191230,Выходные дни
164875,1,1,1,1,1,0,0,20260514,20191230,Будние дни
164876,0,0,0,0,0,1,1,20260514,20191230,Выходные дни
161111,1,1,1,1,1,1,1,20260226,20191230,Ежедневно
168560,1,1,1,1,1,0,0,20260712,20191230,Будние дни
168561,0,0,0,0,0,1,1,20260712,20191230,Выходные дни
164076,1,1,1,1,1,0,0,20260505,20191230,Будние дни
164077,0,0,0,0,0,1,1,20260505,20191230,Выходные дни
167356,1,1,1,1,1,0,0,20260620,20191230,Будние дни
167357,0,0,0,0,0,1,1,20260620,20191230,Выходные дни
163200,1,1,1,1,1,1,1,20260417,20191230,Ежедневно
166538,1,1,1,1,1,0,0,20260531,20191230,Будние дни
166539,0,0,0,0,0,1,1,20260531,20191230,Выходные дни
163259,0,0,0,0,0,1,1,20260417,20191230,Выходные дни
163256,1,1,1,1,1,0,0,20260417,20191230,Будние дни
161979,0,0,0,0,0,1,1,20260320,20191230,Выходные дни
161977,1,1,1,1,1,0,0,20260320,20191230,Будние дни
162116,1,1,1,1,1,0,0,20260318,20191230,Будние дни
162117,0,0,0,0,0,1,1,20260318,20191230,Выходные дни
166693,0,0,0,0,1,0,0,20260611,20191230,Пятница
166695,0,0,0,0,0,1,1,20260611,20191230,Выходные дни
166639,1,1,1,1,1,1,0,20260605,20191230,Будние и субботние дни
166641,0,0,0,0,0,0,1,20260605,20191230,Воскресенье
169024,1,1,1,1,1,0,0,20260722,20191230,Будние дни
169025,0,0,0,0,0,1,1,20260722,20191230,Выходные дни
168956,1,1,1,1,1,0,0,20260720,20191230,Будние дни
168957,0,0,0,0,0,1,1,20260720,20191230,Выходные дни
169004,1,1,1,1,1,0,0,20260722,20191230,Будние дни
169005,0,0,0,0,0,1,1,20260722,20191230,Выходные дни
166057,1,1,1,1,1,0,0,20260526,20191230,Будние дни
166638,1,1,1,1,1,1,0,20260605,20191230,Будние и субботние дни
166640,0,0,0,0,0,0,1,20260605,20191230,Воскресенье
162596,1,1,1,1,1,1,1,20260327,20191230,Ежедневно
167296,0,0,0,0,0,1,1,20260620,20191230,Выходные дни
167295,1,1,1,1,1,0,0,20260620,20191230,Будние дни
168994,1,1,1,1,1,0,0,20260722,20191230,Будние дни
168995,0,0,0,0,0,1,1,20260722,20191230,Выходные дни
164547,1,1,1,1,1,1,1,20260509,20191230,Ежедневно
168588,1,1,1,1,1,0,0,20260712,20191230,Будние дни
168589,0,0,0,0,0,1,1,20260712,20191230,Выходные дни
160221,1,1,1,1,1,0,0,20260205,20191230,Будние дни
160222,0,0,0,0,0,1,1,20260205,20191230,Выходные дни
167903,1,1,1,1,1,0,0,20260628,20191230,Будние дни
167904,0,0,0,0,0,1,1,20260628,20191230,Выходные дни
164136,1,1,1,1,1,0,0,20260506,20191230,Будние дни
164137,0,0,0,0,0,1,1,20260506,20191230,Выходные дни
166636,1,1,1,1,1,0,0,20260604,20191230,Будние дни
166635,0,0,0,0,0,1,1,20260604,20191230,Выходные дни
166149,0,0,0,0,0,1,1,20260525,20191230,Выходные дни
167527,1,1,1,1,1,0,0,20260701,20191230,Будние дни
166691,1,1,1,1,0,0,0,20260611,20191230,Будние дни кроме пятницы
166694,0,0,0,0,0,1,1,20260611,20191230,Выходные дни
166692,0,0,0,0,1,0,0,20260611,20191230,Пятница
166429,0,0,0,0,0,1,1,20260612,20191230,Выходные дни
166428,1,1,1,1,1,0,0,20260612,20191230,Будние дни
167400,1,1,1,1,1,0,0,20260622,20191230,Будние дни
167401,0,0,0,0,0,1,1,20260622,20191230,Выходные дни
165631,0,0,0,0,0,1,1,20260601,20191230,Выходные дни
163936,1,1,1,1,1,0,0,20260508,20191230,Будние дни
163910,1,1,1,1,1,0,0,20260501,20191230,Будние дни
163911,0,0,0,0,0,1,1,20260501,20191230,Выходные дни
161180,1,1,1,1,1,1,1,20260227,20191230,Ежедневно
164115,1,1,1,1,1,0,0,20260506,20191230,Будние дни
164116,0,0,0,0,0,1,1,20260506,20191230,Выходные дни
167520,1,1,1,1,1,0,0,20260701,20191230,Будние дни
167521,0,0,0,0,0,1,1,20260701,20191230,Выходные дни
168023,1,1,1,1,1,0,0,20260702,20191230,Будние дни
168024,0,0,0,0,0,1,1,20260702,20191230,Выходные дни
164099,1,1,1,1,1,0,0,20260515,20191230,Будние дни
164100,0,0,0,0,0,1,1,20260515,20191230,Выходные дни
168812,1,1,1,1,1,0,0,20260717,20191230,Будние дни
168813,0,0,0,0,0,1,1,20260717,20191230,Выходные дни
163523,0,0,0,0,0,1,1,20260420,20191230,Выходные дни
167524,1,1,1,1,1,0,0,20260701,20191230,Будние дни
168525,1,1,1,1,1,0,0,20260711,20191230,Будние дни
168526,0,0,0,0,0,1,1,20260711,20191230,Выходные дни
167426,1,1,1,1,1,0,0,20260623,20191230,Будние дни
167427,0,0,0,0,0,1,1,20260623,20191230,Выходные дни
164902,1,1,1,1,1,0,0,20260514,20191230,Будние дни
164903,0,0,0,0,0,1,1,20260514,20191230,Выходные дни
167656,0,0,0,0,0,1,1,20260702,20191230,Выходные дни
167655,1,1,1,1,1,0,0,20260702,20191230,Будние дни
166678,1,1,1,1,1,0,0,20260612,20191230,Будние дни
167138,0,0,0,0,0,1,1,20260628,20191230,Выходные дни
168692,1,1,1,1,1,1,1,20260716,20191230,Ежедневно
167145,1,1,1,1,1,0,0,20260615,20191230,Будние дни
167146,0,0,0,0,0,1,1,20260615,20191230,Выходные дни
166686,0,0,0,0,0,1,1,20260611,20191230,Выходные дни
166685,1,1,1,1,1,0,0,20260611,20191230,Будние дни
164128,1,1,1,1,1,0,0,20260506,20191230,Будние дни
164129,0,0,0,0,0,1,1,20260506,20191230,Выходные дни
168908,1,1,1,1,1,0,0,20260720,20191230,Будние дни
168909,0,0,0,0,0,1,1,20260720,20191230,Выходные дни
168910,1,1,1,1,1,0,0,20260720,20191230,Будние дни
168911,0,0,0,0,0,1,1,20260720,20191230,Выходные дни
165424,1,1,1,1,1,0,0,20260521,20191230,Будние дни
165425,0,0,0,0,0,1,1,20260521,20191230,Выходные дни
163028,1,1,1,1,1,0,0,20260410,20191230,Будние дни
163029,0,0,0,0,0,1,1,20260410,20191230,Выходные дни
168980,1,1,1,1,1,0,0,20260722,20191230,Будние дни
168981,0,0,0,0,0,1,1,20260722,20191230,Выходные дни
166879,1,1,1,1,1,0,0,20260610,20191230,Будние дни
166880,0,0,0,0,0,1,1,20260610,20191230,Выходные дни
168284,1,1,1,1,1,0,0,20260706,20191230,Будние дни
168285,0,0,0,0,0,1,1,20260706,20191230,Выходные дни
167429,1,1,1,1,1,0,0,20260623,20191230,Будние дни
167430,0,0,0,0,0,1,1,20260623,20191230,Выходные дни
168613,1,1,1,1,1,0,0,20260717,20191230,Будние дни
168614,0,0,0,0,0,1,1,20260717,20191230,Выходные дни
161877,0,0,0,0,0,1,1,20260320,20191230,Выходные дни
161876,1,1,1,1,1,0,0,20260320,20191230,Будние дни
169014,1,1,1,1,1,0,0,20260722,20191230,Будние дни
169015,0,0,0,0,0,1,1,20260722,20191230,Выходные дни
164898,1,1,1,1,1,0,0,20260514,20191230,Будние дни
164899,0,0,0,0,0,1,1,20260514,20191230,Выходные дни
159333,1,1,1,1,1,0,0,20260122,20191230,Будние дни
159332,0,0,0,0,0,1,1,20260122,20191230,Выходные дни
168694,1,1,1,1,1,1,1,20260716,20191230,Ежедневно
163872,1,1,1,1,1,0,0,20260430,20191230,Будние дни
163873,0,0,0,0,0,1,1,20260430,20191230,Выходные дни
163265,0,0,0,0,0,1,1,20260418,20191230,Выходные дни
163264,1,1,1,1,1,0,0,20260418,20191230,Будние дни
167956,1,1,1,1,1,0,0,20260628,20191230,Будние дни
167957,0,0,0,0,0,1,1,20260628,20191230,Выходные дни
168280,1,1,1,1,1,0,0,20260705,20191230,Будние дни
168281,0,0,0,0,0,1,1,20260705,20191230,Выходные дни
166594,1,1,1,1,1,0,0,20260604,20191230,Будние дни
166595,0,0,0,0,0,1,1,20260604,20191230,Выходные дни
165004,1,1,1,1,1,0,0,20260515,20191230,Будние дни
165005,0,0,0,0,0,1,1,20260515,20191230,Выходные дни
168874,1,1,1,1,1,0,0,20260718,20191230,Будние дни
168875,0,0,0,0,0,1,1,20260718,20191230,Выходные дни
167158,0,0,0,0,0,1,1,20260616,20191230,Выходные дни
167157,1,1,1,1,1,0,0,20260616,20191230,Будние дни
168384,1,1,1,1,1,0,0,20260707,20191230,Будние дни
168385,0,0,0,0,0,1,1,20260707,20191230,Выходные дни
168276,1,1,1,1,1,0,0,20260705,20191230,Будние дни
168277,0,0,0,0,0,1,1,20260705,20191230,Выходные дни
164183,1,1,1,1,1,0,0,20260515,20191230,Будние дни
164185,0,0,0,0,0,1,1,20260515,20191230,Выходные дни
163317,1,1,1,1,1,0,0,20260417,20191230,Будние дни
163318,0,0,0,0,0,1,1,20260417,20191230,Выходные дни
162236,1,1,1,1,1,0,0,20260321,20191230,Будние дни
162237,0,0,0,0,0,1,1,20260321,20191230,Выходные дни
168592,1,1,1,1,1,0,0,20260712,20191230,Будние дни
168593,0,0,0,0,0,1,1,20260712,20191230,Выходные дни
168789,1,1,1,1,1,0,0,20260717,20191230,Будние дни
168790,0,0,0,0,0,1,1,20260717,20191230,Выходные дни
164990,1,1,1,1,1,0,0,20260515,20191230,Будние дни
164991,0,0,0,0,0,1,1,20260515,20191230,Выходные дни
166313,1,1,1,1,1,0,0,20260527,20191230,Будние дни
166314,0,0,0,0,0,1,1,20260527,20191230,Выходные дни
167938,1,1,1,1,1,0,0,20260628,20191230,Будние дни
167939,0,0,0,0,0,1,1,20260628,20191230,Выходные дни
164130,1,1,1,1,1,0,0,20260506,20191230,Будние дни
164131,0,0,0,0,0,1,1,20260506,20191230,Выходные дни
166676,1,1,1,1,1,0,0,20260612,20191230,Будние дни
166677,0,0,0,0,0,1,1,20260612,20191230,Выходные дни
168970,1,1,1,1,1,0,0,20260721,20191230,Будние дни
168971,0,0,0,0,0,1,1,20260721,20191230,Выходные дни
168233,1,1,1,1,1,0,0,20260704,20191230,Будние дни
168235,0,0,0,0,0,1,1,20260704,20191230,Выходные дни
163245,1,1,1,1,1,0,0,20260418,20191230,Будние дни
163246,0,0,0,0,0,1,1,20260418,20191230,Выходные дни
166010,1,1,1,1,1,0,0,20260526,20191230,Будние дни
168783,1,1,1,1,1,0,0,20260717,20191230,Будние дни
168784,0,0,0,0,0,1,1,20260717,20191230,Выходные дни
163030,1,1,1,1,1,0,0,20260410,20191230,Будние дни
163031,0,0,0,0,0,1,1,20260410,20191230,Выходные дни
168793,1,1,1,1,1,0,0,20260717,20191230,Будние дни
168794,0,0,0,0,0,1,1,20260717,20191230,Выходные дни
168734,1,1,1,1,1,0,0,20260715,20191230,Будние дни
168735,0,0,0,0,0,1,1,20260715,20191230,Выходные дни
162545,1,1,1,1,1,0,0,20260401,20191230,Будние дни
160738,0,0,0,0,0,1,1,20260220,20191230,Выходные дни
162690,1,1,1,1,1,0,0,20260329,20191230,Будние дни
162691,0,0,0,0,0,1,1,20260329,20191230,Выходные дни
164132,1,1,1,1,1,0,0,20260506,20191230,Будние дни
164133,0,0,0,0,0,1,1,20260506,20191230,Выходные дни
167253,1,1,1,1,1,0,0,20260618,20191230,Будние дни
167254,0,0,0,0,0,1,1,20260618,20191230,Выходные дни
168865,1,1,1,1,1,0,0,20260718,20191230,Будние дни
168866,0,0,0,0,0,1,1,20260718,20191230,Выходные дни
168698,1,1,1,1,1,1,1,20260716,20191230,Ежедневно
164044,1,1,1,1,1,0,0,20260504,20191230,Будние дни
164045,0,0,0,0,0,1,1,20260504,20191230,Выходные дни
168919,1,1,1,1,1,0,0,20260720,20191230,Будние дни
168920,0,0,0,0,0,1,1,20260720,20191230,Выходные дни
166774,1,1,1,1,1,0,0,20260608,20191230,Будние дни
166775,0,0,0,0,0,1,1,20260608,20191230,Выходные дни
167428,1,1,1,1,1,1,1,20260623,20191230,Ежедневно
168736,1,1,1,1,1,0,0,20260715,20191230,Будние дни
168737,0,0,0,0,0,1,1,20260715,20191230,Выходные дни
168567,1,1,1,1,1,0,0,20260712,20191230,Будние дни
168568,0,0,0,0,0,1,1,20260712,20191230,Выходные дни
154038,1,1,1,1,1,1,1,20251001,20191230,Ежедневно
167431,1,1,1,1,1,0,0,20260623,20191230,Будние дни
167432,0,0,0,0,0,1,1,20260623,20191230,Выходные дни
168286,1,1,1,1,1,0,0,20260706,20191230,Будние дни
168287,0,0,0,0,0,1,1,20260706,20191230,Выходные дни
167424,1,1,1,1,1,0,0,20260623,20191230,Будние дни
167425,0,0,0,0,0,1,1,20260623,20191230,Выходные дни
157078,1,1,1,1,1,1,1,20251211,20191230,Ежедневно
168533,1,1,1,1,1,0,0,20260711,20191230,Будние дни
168534,0,0,0,0,0,1,1,20260711,20191230,Выходные дни
163361,0,0,0,0,0,1,1,20260417,20191230,Выходные дни
166564,1,1,1,1,1,0,0,20260615,20191230,Будние дни
162099,0,0,0,0,0,1,1,20260320,20191230,Выходные дни
162098,1,1,1,1,1,0,0,20260320,20191230,Будние дни
165534,1,1,1,1,1,0,0,20260522,20191230,Будние дни
165535,0,0,0,0,0,1,1,20260522,20191230,Выходные дни
168996,1,1,1,1,1,0,0,20260722,20191230,Будние дни
168997,0,0,0,0,0,1,1,20260722,20191230,Выходные дни
162242,1,1,1,1,1,0,0,20260324,20191230,Будние дни
162243,0,0,0,0,0,1,1,20260324,20191230,Выходные дни
168626,0,0,0,0,0,1,1,20260714,20191230,Выходные дни
168625,1,1,1,1,1,0,0,20260714,20191230,Будние дни
156297,1,1,1,1,1,0,0,20251114,20191230,Будние дни
167443,0,0,0,0,0,1,1,20260628,20191230,Выходные дни
163417,1,1,1,1,1,0,0,20260417,20191230,Будние дни
163418,0,0,0,0,0,1,1,20260417,20191230,Выходные дни
168627,1,1,1,1,1,0,0,20260714,20191230,Будние дни
168628,0,0,0,0,0,1,1,20260714,20191230,Выходные дни
168388,1,1,1,1,1,0,0,20260714,20191230,Будние дни
168389,0,0,0,0,0,1,1,20260714,20191230,Выходные дни
168445,1,1,1,1,1,0,0,20260711,20191230,Будние дни
168446,0,0,0,0,0,1,1,20260711,20191230,Выходные дни
159250,1,1,1,1,1,0,0,20260123,20191230,Будние дни
159249,0,0,0,0,0,1,1,20260123,20191230,Выходные дни
168333,1,1,1,1,1,0,0,20260707,20191230,Будние дни
168334,0,0,0,0,0,1,1,20260707,20191230,Выходные дни
168392,1,1,1,1,1,0,0,20260714,20191230,Будние дни
168393,0,0,0,0,0,1,1,20260714,20191230,Выходные дни
168327,1,1,1,1,1,0,0,20260707,20191230,Будние дни
168328,0,0,0,0,0,1,1,20260707,20191230,Выходные дни
160125,1,1,1,1,1,0,0,20260223,20191230,Будние дни
160126,0,0,0,0,0,1,1,20260223,20191230,Выходные дни
168948,1,1,1,1,1,0,0,20260722,20191230,Будние дни
168949,0,0,0,0,0,1,1,20260722,20191230,Выходные дни
168623,1,1,1,1,1,0,0,20260714,20191230,Будние дни
168624,0,0,0,0,0,1,1,20260714,20191230,Выходные дни
168622,0,0,0,0,0,1,1,20260714,20191230,Выходные дни
168803,1,1,1,1,1,0,0,20260721,20191230,Будние дни
168001,1,1,1,1,1,0,0,20260701,20191230,Будние дни
168002,0,0,0,0,0,1,1,20260701,20191230,Выходные дни
161667,1,1,1,1,1,0,0,20260311,20191230,Будние дни
161668,0,0,0,0,0,1,1,20260311,20191230,Выходные дни
167695,1,1,1,1,1,0,0,20260701,20191230,Будние дни
167696,0,0,0,0,0,1,1,20260701,20191230,Выходные дни
164949,1,1,1,1,1,0,0,20260515,20191230,Будние дни
164950,0,0,0,0,0,1,1,20260515,20191230,Выходные дни
168629,1,1,1,1,1,0,0,20260714,20191230,Будние дни
168630,0,0,0,0,0,1,1,20260714,20191230,Выходные дни
162584,1,1,1,1,1,0,0,20260328,20191230,Будние дни
162583,0,0,0,0,0,1,1,20260328,20191230,Выходные дни
168331,1,1,1,1,1,0,0,20260707,20191230,Будние дни
168332,0,0,0,0,0,1,1,20260707,20191230,Выходные дни
167693,1,1,1,1,1,0,0,20260701,20191230,Будние дни
167694,0,0,0,0,0,1,1,20260701,20191230,Выходные дни
160129,1,1,1,1,1,0,0,20260223,20191230,Будние дни
160130,0,0,0,0,0,1,1,20260223,20191230,Выходные дни
168396,1,1,1,1,1,0,0,20260714,20191230,Будние дни
168397,0,0,0,0,0,1,1,20260714,20191230,Выходные дни
168952,1,1,1,1,1,0,0,20260722,20191230,Будние дни
168953,0,0,0,0,0,1,1,20260722,20191230,Выходные дни
156456,1,1,1,1,1,0,0,20251201,20191230,Будние дни
156457,0,0,0,0,0,1,1,20251201,20191230,Выходные дни
161665,1,1,1,1,1,0,0,20260311,20191230,Будние дни
161666,0,0,0,0,0,1,1,20260311,20191230,Выходные дни
161471,1,1,1,1,1,0,0,20260303,20191230,Будние дни
161472,0,0,0,0,0,1,1,20260303,20191230,Выходные дни
168329,1,1,1,1,1,0,0,20260707,20191230,Будние дни
168330,0,0,0,0,0,1,1,20260707,20191230,Выходные дни
168955,0,0,0,0,0,1,1,20260722,20191230,Выходные дни
168954,1,1,1,1,1,0,0,20260722,20191230,Будние дни
164947,1,1,1,1,1,0,0,20260515,20191230,Будние дни
164948,0,0,0,0,0,1,1,20260515,20191230,Выходные дни
168400,1,1,1,1,1,0,0,20260714,20191230,Будние дни
168401,0,0,0,0,0,1,1,20260714,20191230,Выходные дни
162492,1,1,1,1,1,0,0,20260325,20191230,Будние дни
168009,1,1,1,1,1,0,0,20260701,20191230,Будние дни
168010,0,0,0,0,0,1,1,20260701,20191230,Выходные дни
153198,1,1,1,1,1,0,0,20250913,20191230,Будние дни
158123,0,0,0,0,0,1,1,20260103,20191230,Выходные дни
168337,1,1,1,1,1,0,0,20260707,20191230,Будние дни
168338,0,0,0,0,0,1,1,20260707,20191230,Выходные дни
160754,1,1,1,1,1,0,0,20260302,20191230,Будние дни
160755,0,0,0,0,0,1,1,20260302,20191230,Выходные дни
161475,1,1,1,1,1,0,0,20260303,20191230,Будние дни
149536,1,1,1,1,1,0,0,20250716,20191230,Будние дни
168746,0,0,0,0,0,1,1,20260720,20191230,Выходные дни
163217,1,1,1,1,1,0,0,20260415,20191230,Будние дни
163218,0,0,0,0,0,1,1,20260415,20191230,Выходные дни
161476,1,1,1,1,1,0,0,20260303,20191230,Будние дни
161477,0,0,0,0,0,1,1,20260303,20191230,Выходные дни
168405,0,0,0,0,0,1,1,20260714,20191230,Выходные дни
168404,1,1,1,1,1,0,0,20260714,20191230,Будние дни
166362,1,1,1,1,1,0,0,20260530,20191230,Будние дни
167439,0,0,0,0,0,1,1,20260628,20191230,Выходные дни
168003,1,1,1,1,1,0,0,20260701,20191230,Будние дни
168004,0,0,0,0,0,1,1,20260701,20191230,Выходные дни
156858,1,1,1,1,1,0,0,20251202,20191230,Будние дни
156859,0,0,0,0,0,1,1,20251202,20191230,Выходные дни
154869,1,1,1,1,1,0,0,20251013,20191230,Будние дни
158147,0,0,0,0,0,1,1,20260103,20191230,Выходные дни
161458,1,1,1,1,1,0,0,20260303,20191230,Будние дни
168752,0,0,0,0,0,1,1,20260720,20191230,Выходные дни
165385,1,1,1,1,1,0,0,20260523,20191230,Будние дни
163813,0,0,0,0,0,1,1,20260501,20191230,Выходные дни
167196,1,1,1,1,1,0,0,20260622,20191230,Будние дни
167587,0,0,0,0,0,1,1,20260629,20191230,Выходные дни
164964,1,1,1,1,1,0,0,20260516,20191230,Будние дни
168344,0,0,0,0,0,1,1,20260720,20191230,Выходные дни
161484,1,1,1,1,1,0,0,20260303,20191230,Будние дни
161485,0,0,0,0,0,1,1,20260303,20191230,Выходные дни
167585,0,0,0,0,0,1,1,20260629,20191230,Выходные дни
166650,1,1,1,1,1,0,0,20260608,20191230,Будние дни
167246,1,1,1,1,1,0,0,20260620,20191230,Будние дни
167247,0,0,0,0,0,1,1,20260620,20191230,Выходные дни
165644,1,1,1,1,1,0,0,20260523,20191230,Будние дни
165646,0,0,0,0,0,1,1,20260523,20191230,Выходные дни
165387,1,1,1,1,1,0,0,20260523,20191230,Будние дни
163811,0,0,0,0,0,1,1,20260501,20191230,Выходные дни
165689,1,1,1,1,1,0,0,20260528,20191230,Будние дни
167583,0,0,0,0,0,1,1,20260629,20191230,Выходные дни
168015,1,1,1,1,1,0,0,20260701,20191230,Будние дни
168049,0,0,0,0,0,1,1,20260706,20191230,Выходные дни
167198,1,1,1,1,1,0,0,20260621,20191230,Будние дни
167199,0,0,0,0,0,1,1,20260621,20191230,Выходные дни
164928,1,1,1,1,1,0,0,20260518,20191230,Будние дни
167206,1,1,1,1,1,0,0,20260621,20191230,Будние дни
167207,0,0,0,0,0,1,1,20260621,20191230,Выходные дни
166660,1,1,1,1,1,0,0,20260608,20191230,Будние дни
166661,0,0,0,0,0,1,1,20260608,20191230,Выходные дни
158230,1,1,1,1,1,0,0,20251228,20191230,Будние дни
158231,0,0,0,0,0,1,1,20251228,20191230,Выходные дни
163533,1,1,1,1,1,0,0,20260421,20191230,Будние дни
163532,0,0,0,0,0,1,1,20260421,20191230,Выходные дни
163290,0,0,0,0,0,1,1,20260418,20191230,Выходные дни
163289,1,1,1,1,1,0,0,20260418,20191230,Будние дни
161318,1,1,1,1,1,0,0,20260228,20191230,Будние дни
168051,0,0,0,0,0,1,1,20260706,20191230,Выходные дни
151271,1,1,1,1,1,0,0,20250808,20191230,Будние дни
151272,0,0,0,0,0,1,1,20250808,20191230,Выходные дни
167141,1,1,1,1,1,0,0,20260616,20191230,Будние дни
167581,0,0,0,0,0,1,1,20260629,20191230,Выходные дни
168017,1,1,1,1,1,0,0,20260701,20191230,Будние дни
168054,0,0,0,0,0,1,1,20260706,20191230,Выходные дни
159728,1,1,1,1,1,0,0,20260129,20191230,Будние дни
168053,0,0,0,0,0,1,1,20260706,20191230,Выходные дни
166656,1,1,1,1,1,0,0,20260608,20191230,Будние дни
166657,0,0,0,0,0,1,1,20260608,20191230,Выходные дни
166652,1,1,1,1,1,0,0,20260608,20191230,Будние дни
166653,0,0,0,0,0,1,1,20260608,20191230,Выходные дни
167204,1,1,1,1,1,0,0,20260621,20191230,Будние дни
167205,0,0,0,0,0,1,1,20260621,20191230,Выходные дни
157996,1,1,1,1,1,0,0,20251225,20191230,Будние дни
157997,0,0,0,0,0,1,1,20251225,20191230,Выходные дни
159189,1,1,1,1,1,0,0,20260123,20191230,Будние дни
165224,1,1,1,1,1,0,0,20260520,20191230,Будние дни
167579,0,0,0,0,0,1,1,20260628,20191230,Выходные дни
166815,1,1,1,1,1,0,0,20260610,20191230,Будние дни
166816,0,0,0,0,0,1,1,20260610,20191230,Выходные дни
166658,1,1,1,1,1,0,0,20260608,20191230,Будние дни
166659,0,0,0,0,0,1,1,20260608,20191230,Выходные дни
165645,1,1,1,1,1,0,0,20260523,20191230,Будние дни
164927,1,1,1,1,1,0,0,20260518,20191230,Будние дни
167202,1,1,1,1,1,0,0,20260621,20191230,Будние дни
167203,0,0,0,0,0,1,1,20260621,20191230,Выходные дни
165686,1,1,1,1,1,0,0,20260528,20191230,Будние дни
160291,0,0,0,0,0,1,1,20260214,20191230,Выходные дни
168443,1,1,1,1,1,0,0,20260711,20191230,Будние дни
168444,0,0,0,0,0,1,1,20260711,20191230,Выходные дни
167208,1,1,1,1,1,0,0,20260621,20191230,Будние дни
167589,0,0,0,0,0,1,1,20260629,20191230,Выходные дни
164931,1,1,1,1,1,0,0,20260518,20191230,Будние дни
164932,0,0,0,0,0,1,1,20260518,20191230,Выходные дни
166654,1,1,1,1,1,0,0,20260608,20191230,Будние дни
166655,0,0,0,0,0,1,1,20260608,20191230,Выходные дни
164937,1,1,1,1,1,0,0,20260516,20191230,Будние дни
164938,0,0,0,0,0,1,1,20260516,20191230,Выходные дни
167200,1,1,1,1,1,0,0,20260621,20191230,Будние дни
167201,0,0,0,0,0,1,1,20260621,20191230,Выходные дни
165647,1,1,1,1,1,0,0,20260523,20191230,Будние дни
165648,0,0,0,0,0,1,1,20260523,20191230,Выходные дни
168425,1,1,1,1,1,0,0,20260714,20191230,Будние дни
168426,0,0,0,0,0,1,1,20260714,20191230,Выходные дни
158226,1,1,1,1,1,0,0,20251228,20191230,Будние дни
158227,0,0,0,0,0,1,1,20251228,20191230,Выходные дни
